100
-112.158585 40.722301 0.000000
-112.158585 40.722301 50.000000
-112.158585 40.722301 100.000000
-112.158585 40.722301 150.000000
-112.158585 40.722301 200.000000
-112.158585 40.722301 250.000000
-112.158585 40.722301 300.000000
-112.158585 40.722301 350.000000
-112.158585 40.722301 400.000000
-112.158585 40.722301 450.000000
-112.158585 40.722301 500.000000
-112.158585 40.722301 550.000000
-112.158585 40.722301 600.000000
-112.158585 40.722301 650.000000
-112.158585 40.722301 700.000000
-112.158585 40.722301 750.000000
-112.158585 40.722301 800.000000
-112.158585 40.722301 850.000000
-112.158585 40.722301 900.000000
-112.158585 40.722301 950.000000
-112.158585 40.722301 1000.000000
-112.158585 40.722301 1050.000000
-112.158585 40.722301 1100.000000
-112.158585 40.722301 1150.000000
-112.158585 40.722301 1200.000000
-112.158585 40.722301 1250.000000
-112.158585 40.722301 1300.000000
-112.158585 40.722301 1350.000000
-112.158585 40.722301 1400.000000
-112.158585 40.722301 1450.000000
-112.158585 40.722301 1500.000000
-112.158585 40.722301 1550.000000
-112.158585 40.722301 1600.000000
-112.158585 40.722301 1650.000000
-112.158585 40.722301 1700.000000
-112.158585 40.722301 1750.000000
-112.158585 40.722301 1800.000000
-112.158585 40.722301 1850.000000
-112.158585 40.722301 1900.000000
-112.158585 40.722301 1950.000000
-112.158585 40.722301 2000.000000
-112.158585 40.722301 2050.000000
-112.158585 40.722301 2100.000000
-112.158585 40.722301 2150.000000
-112.158585 40.722301 2200.000000
-112.158585 40.722301 2250.000000
-112.158585 40.722301 2300.000000
-112.158585 40.722301 2350.000000
-112.158585 40.722301 2400.000000
-112.158585 40.722301 2450.000000
-112.158585 40.722301 2500.000000
-112.158585 40.722301 2550.000000
-112.158585 40.722301 2600.000000
-112.158585 40.722301 2650.000000
-112.158585 40.722301 2700.000000
-112.158585 40.722301 2750.000000
-112.158585 40.722301 2800.000000
-112.158585 40.722301 2850.000000
-112.158585 40.722301 2900.000000
-112.158585 40.722301 2950.000000
-112.158585 40.722301 3000.000000
-112.158585 40.722301 3050.000000
-112.158585 40.722301 3100.000000
-112.158585 40.722301 3150.000000
-112.158585 40.722301 3200.000000
-112.158585 40.722301 3250.000000
-112.158585 40.722301 3300.000000
-112.158585 40.722301 3350.000000
-112.158585 40.722301 3400.000000
-112.158585 40.722301 3450.000000
-112.158585 40.722301 3500.000000
-112.158585 40.722301 3550.000000
-112.158585 40.722301 3600.000000
-112.158585 40.722301 3650.000000
-112.158585 40.722301 3700.000000
-112.158585 40.722301 3750.000000
-112.158585 40.722301 3800.000000
-112.158585 40.722301 3850.000000
-112.158585 40.722301 3900.000000
-112.158585 40.722301 3950.000000
-112.158585 40.722301 4000.000000
-112.158585 40.722301 4050.000000
-112.158585 40.722301 4100.000000
-112.158585 40.722301 4150.000000
-112.158585 40.722301 4200.000000
-112.158585 40.722301 4250.000000
-112.158585 40.722301 4300.000000
-112.158585 40.722301 4350.000000
-112.158585 40.722301 4400.000000
-112.158585 40.722301 4450.000000
-112.158585 40.722301 4500.000000
-112.158585 40.722301 4550.000000
-112.158585 40.722301 4600.000000
-112.158585 40.722301 4650.000000
-112.158585 40.722301 4700.000000
-112.158585 40.722301 4750.000000
-112.158585 40.722301 4800.000000
-112.158585 40.722301 4850.000000
-112.158585 40.722301 4900.000000
-112.158585 40.722301 4950.000000
